{
  "round_id": "36e581f1-73f8-453f-ab98-cbe3052b701b",
  "created_at": "2026-03-20T14:18:40.624995+00:00",
  "model_name": "hierarchical-empirical-v2",
  "class_labels": [
    "empty",
    "settlement",
    "port",
    "ruin",
    "forest",
    "mountain"
  ],
  "floor": 0.01,
  "seeds": [
    {
      "seed_index": 0,
      "height": 40,
      "width": 40,
      "prediction": [
        [
          [
            0.95,
            0.01,
            0.01,
            0.01,
            0.01,
            0.01
          ],
          [
            0.95,
            0.01,
            0.01,
            0.01,
            0.01,
            0.01
          ],
          [
            0.95,
            0.01,
            0.01,
            0.01,
            0.01,
            0.01
          ],
          [
            0.95,
            0.01,
            0.01,
            0.01,
            0.01,
            0.01
          ],
          [
            0.95,
            0.01,
            0.01,
            0.01,
            0.01,
            0.01
          ],
          [
            0.95,
            0.01,
            0.01,
            0.01,
            0.01,
            0.01
          ],
          [
            0.95,
            0.01,
            0.01,
            0.01,
            0.01,
            0.01
          ],
          [
            0.95,
            0.01,
            0.01,
            0.01,
            0.01,
            0.01
          ],
          [
            0.95,
            0.01,
            0.01,
            0.01,
            0.01,
            0.01
          ],
          [
            0.95,
            0.01,
            0.01,
            0.01,
            0.01,
            0.01
          ],
          [
            0.95,
            0.01,
            0.01,
            0.01,
            0.01,
            0.01
          ],
          [
            0.95,
            0.01,
            0.01,
            0.01,
            0.01,
            0.01
          ],
          [
            0.95,
            0.01,
            0.01,
            0.01,
            0.01,
            0.01
          ],
          [
            0.95,
            0.01,
            0.01,
            0.01,
            0.01,
            0.01
          ],
          [
            0.95,
            0.01,
            0.01,
            0.01,
            0.01,
            0.01
          ],
          [
            0.95,
            0.01,
            0.01,
            0.01,
            0.01,
            0.01
          ],
          [
            0.95,
            0.01,
            0.01,
            0.01,
            0.01,
            0.01
          ],
          [
            0.95,
            0.01,
            0.01,
            0.01,
            0.01,
            0.01
          ],
          [
            0.95,
            0.01,
            0.01,
            0.01,
            0.01,
            0.01
          ],
          [
            0.95,
            0.01,
            0.01,
            0.01,
            0.01,
            0.01
          ],
          [
            0.95,
            0.01,
            0.01,
            0.01,
            0.01,
            0.01
          ],
          [
            0.95,
            0.01,
            0.01,
            0.01,
            0.01,
            0.01
          ],
          [
            0.95,
            0.01,
            0.01,
            0.01,
            0.01,
            0.01
          ],
          [
            0.95,
            0.01,
            0.01,
            0.01,
            0.01,
            0.01
          ],
          [
            0.95,
            0.01,
            0.01,
            0.01,
            0.01,
            0.01
          ],
          [
            0.95,
            0.01,
            0.01,
            0.01,
            0.01,
            0.01
          ],
          [
            0.95,
            0.01,
            0.01,
            0.01,
            0.01,
            0.01
          ],
          [
            0.95,
            0.01,
            0.01,
            0.01,
            0.01,
            0.01
          ],
          [
            0.95,
            0.01,
            0.01,
            0.01,
            0.01,
            0.01
          ],
          [
            0.95,
            0.01,
            0.01,
            0.01,
            0.01,
            0.01
          ],
          [
            0.95,
            0.01,
            0.01,
            0.01,
            0.01,
            0.01
          ],
          [
            0.95,
            0.01,
            0.01,
            0.01,
            0.01,
            0.01
          ],
          [
            0.95,
            0.01,
            0.01,
            0.01,
            0.01,
            0.01
          ],
          [
            0.95,
            0.01,
            0.01,
            0.01,
            0.01,
            0.01
          ],
          [
            0.95,
            0.01,
            0.01,
            0.01,
            0.01,
            0.01
          ],
          [
            0.95,
            0.01,
            0.01,
            0.01,
            0.01,
            0.01
          ],
          [
            0.95,
            0.01,
            0.01,
            0.01,
            0.01,
            0.01
          ],
          [
            0.95,
            0.01,
            0.01,
            0.01,
            0.01,
            0.01
          ],
          [
            0.95,
            0.01,
            0.01,
            0.01,
            0.01,
            0.01
          ],
          [
            0.95,
            0.01,
            0.01,
            0.01,
            0.01,
            0.01
          ]
        ],
        [
          [
            0.95,
            0.01,
            0.01,
            0.01,
            0.01,
            0.01
          ],
          [
            0.4177647355448508,
            0.14208359574725254,
            0.19256944872035556,
            0.08039173345350267,
            0.11564870185090624,
            0.05154178468313212
          ],
          [
            0.2474491759873131,
            0.1752162095037455,
            0.10559889013948284,
            0.10403456984829482,
            0.32181146059501775,
            0.04588969392614596
          ],
          [
            0.42751310467596193,
            0.14319375166052786,
            0.18828230601173282,
            0.07985810368415414,
            0.10940658750531741,
            0.05174614646230583
          ],
          [
            0.43718761137334394,
            0.1414895402132278,
            0.19267451467870292,
            0.07856358888628626,
            0.09802458769400178,
            0.05206015715443735
          ],
          [
            0.4230226764636343,
            0.1415780888716655,
            0.19301302678686713,
            0.07992239528769281,
            0.11074062703985768,
            0.05172318555028259
          ],
          [
            0.4166483970888402,
            0.15765407262568623,
            0.1929831410498429,
            0.08396219815373737,
            0.09713607414494665,
            0.05161611693694665
          ],
          [
            0.42751310467596193,
            0.14319375166052786,
            0.18828230601173282,
            0.07985810368415414,
            0.10940658750531741,
            0.05174614646230583
          ],
          [
            0.2474491759873131,
            0.1752162095037455,
            0.10559889013948284,
            0.10403456984829482,
            0.32181146059501775,
            0.04588969392614596
          ],
          [
            0.4368080782317911,
            0.14106214500573122,
            0.18195319698206008,
            0.07904107304660671,
            0.10939194624730221,
            0.0517435604865087
          ],
          [
            0.6366775997660193,
            0.09474670055620225,
            0.05784862644117297,
            0.06085286206453167,
            0.09788523547254688,
            0.051988975699526804
          ],
          [
            0.6304301516646669,
            0.0894623976039429,
            0.053181711896356496,
            0.05975104388296384,
            0.11540619433682991,
            0.051768500615240014
          ],
          [
            0.15077722372816899,
            0.05832982175129993,
            0.047435440710414056,
            0.06286918896807597,
            0.6343841201542256,
            0.046204204687815366
          ],
          [
            0.6304301516646669,
            0.0894623976039429,
            0.053181711896356496,
            0.05975104388296384,
            0.11540619433682991,
            0.051768500615240014
          ],
          [
            0.6270714944824232,
            0.09480675079583241,
            0.05807819212372114,
            0.06177435146318669,
            0.10650875640824227,
            0.05176045472659426
          ],
          [
            0.44648258492917314,
            0.13935793355843115,
            0.18634540564903015,
            0.07774655824873883,
            0.09800994643598655,
            0.05205757117864022
          ],
          [
            0.42751310467596193,
            0.14319375166052786,
            0.18828230601173282,
            0.07985810368415414,
            0.10940658750531741,
            0.05174614646230583
          ],
          [
            0.2474491759873131,
            0.1752162095037455,
            0.10559889013948284,
            0.10403456984829482,
            0.32181146059501775,
            0.04588969392614596
          ],
          [
            0.41334816976625227,
            0.14328230031896558,
            0.18862081811989706,
            0.08121691008556069,
            0.12212262685117334,
            0.05140917485815107
          ],
          [
            0.44648258492917314,
            0.13935793355843115,
            0.18634540564903015,
            0.07774655824873883,
            0.09800994643598655,
            0.05205757117864022
          ],
          [
            0.6270714944824232,
            0.09480675079583241,
            0.05807819212372114,
            0.06177435146318669,
            0.10650875640824227,
            0.05176045472659426
          ],
          [
            0.6319158588940572,
            0.09115414704490962,
            0.05366015350123486,
            0.06047111824571772,
            0.11079584257120334,
            0.05200287974287722
          ],
          [
            0.6461717429576358,
            0.09054457523541054,
            0.053386308069858106,
            0.059676399250842484,
            0.09826161923155255,
            0.05195935525470046
          ],
          [
            0.6489355942760358,
            0.08962329146261054,
            0.053386308069858106,
            0.05944607830764249,
            0.09687969357235254,
            0.05172903431150047
          ],
          [
            0.6489355942760358,
            0.08962329146261054,
            0.053386308069858106,
            0.05944607830764249,
            0.09687969357235254,
            0.05172903431150047
          ],
          [
            0.6489355942760358,
            0.08962329146261054,
            0.053386308069858106,
            0.05944607830764249,
            0.09687969357235254,
            0.05172903431150047
          ],
          [
            0.6461717429576358,
            0.09054457523541054,
            0.053386308069858106,
            0.059676399250842484,
            0.09826161923155255,
            0.05195935525470046
          ],
          [
            0.6459540485984913,
            0.09052482674189649,
            0.05366100241798877,
            0.05966764774986347,
            0.09823912148990475,
            0.0519533530018552
          ],
          [
            0.95,
            0.01,
            0.01,
            0.01,
            0.01,
            0.01
          ],
          [
            0.95,
            0.01,
            0.01,
            0.01,
            0.01,
            0.01
          ],
          [
            0.4177647355448508,
            0.14208359574725254,
            0.19256944872035556,
            0.08039173345350267,
            0.11564870185090624,
            0.05154178468313212
          ],
          [
            0.43718761137334394,
            0.1414895402132278,
            0.19267451467870292,
            0.07856358888628626,
            0.09802458769400178,
            0.05206015715443735
          ],
          [
            0.43718761137334394,
            0.1414895402132278,
            0.19267451467870292,
            0.07856358888628626,
            0.09802458769400178,
            0.05206015715443735
          ],
          [
            0.4230226764636343,
            0.1415780888716655,
            0.19301302678686713,
            0.07992239528769281,
            0.11074062703985768,
            0.05172318555028259
          ],
          [
            0.42570336021859645,
            0.1402409935612877,
            0.18679459128340972,
            0.07890095420746511,
            0.11624049687738111,
            0.0521196038518599
          ],
          [
            0.20648935323853324,
            0.11363402398104938,
            0.06777875605656207,
            0.0848580633176814,
            0.4739653229554605,
            0.05327448045071335
          ],
          [
            0.6320800848205781,
            0.09114343201895694,
            0.0536909282127132,
            0.060459265475725825,
            0.11062486608261324,
            0.052001423389412674
          ],
          [
            0.6248967640418402,
            0.09146880719641619,
            0.05365972904285791,
            0.06087285349364484,
            0.11707420311185263,
            0.05202764311338824
          ],
          [
            0.95,
            0.01,
            0.01,
            0.01,
            0.01,
            0.01
          ],
          [
            0.95,
            0.01,
            0.01,
            0.01,
            0.01,
            0.01
          ]
        ],
        [
          [
            0.95,
            0.01,
            0.01,
            0.01,
            0.01,
            0.01
          ],
          [
            0.43718761137334394,
            0.1414895402132278,
            0.19267451467870292,
            0.07856358888628626,
            0.09802458769400178,
            0.05206015715443735
          ],
          [
            0.5246691724498643,
            0.1833380811733218,
            0.05554723510737561,
            0.08254003888884216,
            0.1012582920891141,
            0.052647180291481986
          ],
          [
            0.5296714849161337,
            0.1932886995527843,
            0.05425517788962178,
            0.08428167718747885,
            0.08570086267823643,
            0.05280209777574505
          ],
          [
            0.5335546666042266,
            0.18349528416240382,
            0.054273384143211256,
            0.08182064785529077,
            0.09398869375214775,
            0.052867323482719816
          ],
          [
            0.24106875213961138,
            0.19622274017668184,
            0.06164971150182629,
            0.1121954029109338,
            0.3429177299764265,
            0.04594566329452012
          ],
          [
            0.12158933498985566,
            0.5049980215954978,
            0.06151528647560531,
            0.18949678295909358,
            0.0784350694537286,
            0.04396550452621904
          ],
          [
            0.5296714849161337,
            0.1932886995527843,
            0.05425517788962178,
            0.08428167718747885,
            0.08570086267823643,
            0.05280209777574505
          ],
          [
            0.5362902148255296,
            0.18447953850504414,
            0.05139145079743978,
            0.0817814817060086,
            0.09317600300122093,
            0.052881311164756965
          ],
          [
            0.5335546666042266,
            0.18349528416240382,
            0.054273384143211256,
            0.08182064785529077,
            0.09398869375214775,
            0.052867323482719816
          ],
          [
            0.54208330370856,
            0.17972049361999773,
            0.050264860860504676,
            0.08076382532773944,
            0.09432680119667824,
            0.05284071528651988
          ],
          [
            0.6420223920658932,
            0.0945043305487937,
            0.0448314273482146,
            0.06106572527423521,
            0.10536872619497976,
            0.052207398567883485
          ],
          [
            0.19722737681234978,
            0.10951757733291548,
            0.05295449577405549,
            0.08484620131973673,
            0.5020673306219929,
            0.053387018138949444
          ],
          [
            0.6368123010646207,
            0.09453690017028803,
            0.04495593754891868,
            0.06156551613452267,
            0.11004589009230609,
            0.05208345498934381
          ],
          [
            0.25511986775367895,
            0.18086250704522538,
            0.05713237146886354,
            0.10821292910745525,
            0.3526829433935305,
            0.04598938123124635
          ],
          [
            0.5335546666042266,
            0.18349528416240382,
            0.054273384143211256,
            0.08182064785529077,
            0.09398869375214775,
            0.052867323482719816
          ],
          [
            0.5421838798250841,
            0.18344134072680388,
            0.05406716412329511,
            0.08099286924293965,
            0.08624214104720103,
            0.05307260503467616
          ],
          [
            0.5151486066957215,
            0.19438084076662454,
            0.05178568458368259,
            0.08589806826289889,
            0.10038127733720302,
            0.052405522353869506
          ],
          [
            0.25523372750823464,
            0.18507478678877948,
            0.06143686572862629,
            0.10847222410579509,
            0.34353049794129215,
            0.04625189792727232
          ],
          [
            0.5249254533833689,
            0.18354922759800382,
            0.0544796041631274,
            0.08264842646764187,
            0.10173524645709445,
            0.052662041930763466
          ],
          [
            0.25039127916386633,
            0.18142134254000733,
            0.05717740172190956,
            0.10808401005276394,
            0.3566599288890783,
            0.04626603763237445
          ],
          [
            0.1970648824884493,
            0.11391686581297647,
            0.053466446658677655,
            0.08622879355674243,
            0.49592405065795836,
            0.05339896082519576
          ],
          [
            0.6469824799705366,
            0.09101449203698167,
            0.044646842700749784,
            0.06026567642071658,
            0.10503825846172363,
            0.05205225040929165
          ],
          [
            0.7346762031577365,
            0.06178325097458171,
            0.04464684270074979,
            0.05295786615511659,
            0.06119139686812365,
            0.04474444014369165
          ],
          [
            0.7454062840799759,
            0.060453277087070344,
            0.044498316365087824,
            0.05227699245679782,
            0.05289413603663848,
            0.04447099397442968
          ],
          [
            0.7424082080735759,
            0.061452635755870344,
            0.044498316365087824,
            0.05252683212399782,
            0.05439317403983848,
            0.04472083364162968
          ],
          [
            0.6545964133695517,
            0.09067316577094064,
            0.04464730313017564,
            0.05982989581279562,
            0.09822783346847692,
            0.052025388448059366
          ],
          [
            0.6398682551439125,
            0.09199014756452553,
            0.057678462469291356,
            0.06023047749929419,
            0.09827154836055138,
            0.05196110896242495
          ],
          [
            0.95,
            0.01,
            0.01,
            0.01,
            0.01,
            0.01
          ],
          [
            0.95,
            0.01,
            0.01,
            0.01,
            0.01,
            0.01
          ],
          [
            0.2372026099804676,
            0.17748703009899422,
            0.09879494992526949,
            0.10566496615081081,
            0.33528143491613766,
            0.04556900892832018
          ],
          [
            0.5207859907617713,
            0.1931314965637022,
            0.055529028853786126,
            0.08500106822103023,
            0.09297046101520277,
            0.05258195458450721
          ],
          [
            0.5249254533833689,
            0.18354922759800382,
            0.0544796041631274,
            0.08264842646764187,
            0.10173524645709445,
            0.052662041930763466
          ],
          [
            0.24546480688084868,
            0.18513585482908135,
            0.061670322354946454,
            0.10940933196883408,
            0.35230018024877896,
            0.046019503717510415
          ],
          [
            0.5249254533833689,
            0.18354922759800382,
            0.0544796041631274,
            0.08264842646764187,
            0.10173524645709445,
            0.052662041930763466
          ],
          [
            0.5294246955515419,
            0.18025844971369198,
            0.05053850268374739,
            0.08146707803822788,
            0.1054327687069531,
            0.052878505305837625
          ],
          [
            0.6420223920658932,
            0.0945043305487937,
            0.0448314273482146,
            0.06106572527423521,
            0.10536872619497976,
            0.052207398567883485
          ],
          [
            0.20748893580250496,
            0.11021986100037633,
            0.05327131493242259,
            0.08479107506226359,
            0.4907196045028391,
            0.05350920869959337
          ],
          [
            0.6248967640418402,
            0.09146880719641619,
            0.05365972904285791,
            0.06087285349364484,
            0.11707420311185263,
            0.05202764311338824
          ],
          [
            0.95,
            0.01,
            0.01,
            0.01,
            0.01,
            0.01
          ]
        ],
        [
          [
            0.95,
            0.01,
            0.01,
            0.01,
            0.01,
            0.01
          ],
          [
            0.4230226764636343,
            0.1415780888716655,
            0.19301302678686713,
            0.07992239528769281,
            0.11074062703985768,
            0.05172318555028259
          ],
          [
            0.23129983151222544,
            0.1962838082169837,
            0.061883168128146454,
            0.11313251077397281,
            0.3516874122839133,
            0.045713269084758215
          ],
          [
            0.12537145863838609,
            0.5065091886032449,
            0.05652244105237286,
            0.18958428929452137,
            0.07801064798849437,
            0.044001974422980324
          ],
          [
            0.5240341008500836,
            0.19453804375570657,
            0.050511833619518234,
            0.0851786772293475,
            0.09311167900023665,
            0.05262566554510733
          ],
          [
            0.5365464957590342,
            0.18469068492972618,
            0.05032381985319158,
            0.0818898692848083,
            0.09365295736920128,
            0.05289617280403845
          ],
          [
            0.5326633140709413,
            0.1944841003201066,
            0.05030561359960209,
            0.08435089861699638,
            0.08536512629528994,
            0.05283094709706368
          ],
          [
            0.5365464957590342,
            0.18469068492972618,
            0.05032381985319158,
            0.0818898692848083,
            0.09365295736920128,
            0.05289617280403845
          ],
          [
            0.5279172825381766,
            0.18474462836532618,
            0.05053003987310772,
            0.08271764789715942,
            0.10139951007414799,
            0.0526908912520821
          ],
          [
            0.24885178328251775,
            0.18648913871661607,
            0.057199117498320406,
            0.1094876958513068,
            0.35192010132468865,
            0.04605216332655039
          ],
          [
            0.24885178328251775,
            0.18648913871661607,
            0.057199117498320406,
            0.1094876958513068,
            0.35192010132468865,
            0.04605216332655039
          ],
          [
            0.5422788596582999,
            0.17973823379213746,
            0.050018101530827974,
            0.08077168684556807,
            0.09434701103239578,
            0.052846107140770725
          ],
          [
            0.6404099386319956,
            0.09601012118482938,
            0.04477473290685918,
            0.061408036360996704,
            0.10517140272576937,
            0.05222576818954972
          ],
          [
            0.5451450416079328,
            0.17726200822334312,
            0.04986524236964617,
            0.08021259562594796,
            0.09469403786399302,
            0.052821074309136865
          ],
          [
            0.24885178328251775,
            0.18648913871661607,
            0.057199117498320406,
            0.1094876958513068,
            0.35192010132468865,
            0.04605216332655039
          ],
          [
            0.5365464957590342,
            0.18469068492972618,
            0.05032381985319158,
            0.0818898692848083,
            0.09365295736920128,
            0.05289617280403845
          ],
          [
            0.5240341008500836,
            0.19453804375570657,
            0.050511833619518234,
            0.0851786772293475,
            0.09311167900023665,
            0.05262566554510733
          ],
          [
            0.13628008667230043,
            0.5064409959582412,
            0.05626174781964869,
            0.18853785218079452,
            0.06821783607846742,
            0.04426148129054779
          ],
          [
            0.5240341008500836,
            0.19453804375570657,
            0.050511833619518234,
            0.0851786772293475,
            0.09311167900023665,
            0.05262566554510733
          ],
          [
            0.5365464957590342,
            0.18469068492972618,
            0.05032381985319158,
            0.0818898692848083,
            0.09365295736920128,
            0.05289617280403845
          ],
          [
            0.5279172825381766,
            0.18474462836532618,
            0.05053003987310772,
            0.08271764789715942,
            0.10139951007414799,
            0.0526908912520821
          ],
          [
            0.5409681216869318,
            0.17775564624373386,
            0.049905019093170175,
            0.0800987171276373,
            0.09820704171839365,
            0.053065454130133353
          ],
          [
            0.6361389836175998,
            0.0933505772261287,
            0.044738674595056344,
            0.06116394137219685,
            0.11238867682239839,
            0.052219146366619854
          ],
          [
            0.2132575928239638,
            0.10841901661184236,
            0.05290815969252102,
            0.08434590670161891,
            0.4880089184303328,
            0.053060405739721025
          ],
          [
            0.7347942746745608,
            0.06179396202191137,
            0.04449785593566197,
            0.052962612731918775,
            0.061203599033085185,
            0.04474769560286197
          ],
          [
            0.6563315944064,
            0.09019490853119995,
            0.044349329599999994,
            0.05971446913279999,
            0.09750271879679998,
            0.0519069795328
          ],
          [
            0.6462596936701096,
            0.09274092356404164,
            0.049303199427865936,
            0.060555849678614423,
            0.09898812305068583,
            0.05215221060868254
          ],
          [
            0.4606429266629598,
            0.13317613960180374,
            0.17956284798041866,
            0.07601822647757998,
            0.09858154031387083,
            0.052018318963366963
          ],
          [
            0.95,
            0.01,
            0.01,
            0.01,
            0.01,
            0.01
          ],
          [
            0.4183957668999895,
            0.14260349401934702,
            0.18994065931989534,
            0.08065861230318877,
            0.11682308949282012,
            0.05157837796475917
          ],
          [
            0.221240781526155,
            0.19610584256896627,
            0.0633252635592759,
            0.1139469157176159,
            0.35991714625029037,
            0.04546405037769652
          ],
          [
            0.10355420257055745,
            0.5066455738932524,
            0.05704382751782124,
            0.19167716352197517,
            0.09759627180854832,
            0.04348296068784542
          ],
          [
            0.2249178872865085,
            0.19769816014482028,
            0.05764541989784056,
            0.11414798251948449,
            0.3600770156673098,
            0.04551353448403628
          ],
          [
            0.21954502140035986,
            0.18667234283752165,
            0.0578994873772809,
            0.1122990194404238,
            0.37822914824714915,
            0.04535498069726468
          ],
          [
            0.23908286265513176,
            0.1865502067569179,
            0.05743257412464056,
            0.11042480371434578,
            0.36068978363217546,
            0.04581976911678848
          ],
          [
            0.23908286265513176,
            0.1865502067569179,
            0.05743257412464056,
            0.11042480371434578,
            0.36068978363217546,
            0.04581976911678848
          ],
          [
            0.5336496464374423,
            0.17979217722773747,
            0.05022432155074412,
            0.08159946545791918,
            0.10209356373734248,
            0.052640825588814374
          ],
          [
            0.6420223920658932,
            0.0945043305487937,
            0.0448314273482146,
            0.06106572527423521,
            0.10536872619497976,
            0.052207398567883485
          ],
          [
            0.6461717429576358,
            0.09054457523541054,
            0.053386308069858106,
            0.059676399250842484,
            0.09826161923155255,
            0.05195935525470046
          ],
          [
            0.95,
            0.01,
            0.01,
            0.01,
            0.01,
            0.01
          ]
        ],
        [
          [
            0.95,
            0.01,
            0.01,
            0.01,
            0.01,
            0.01
          ],
          [
            0.41334816976625227,
            0.14328230031896558,
            0.18862081811989706,
            0.08121691008556069,
            0.12212262685117334,
            0.05140917485815107
          ],
          [
            0.24546480688084868,
            0.18513585482908135,
            0.061670322354946454,
            0.10940933196883408,
            0.35230018024877896,
            0.046019503717510415
          ],
          [
            0.5067756744083685,
            0.19464593062690655,
            0.050924273659350525,
            0.08683423445404972,
            0.10860478441013006,
            0.052215102441194636
          ],
          [
            0.25862070390990366,
            0.18642807067631417,
            0.05696566087200024,
            0.10855058798826779,
            0.3431504190172018,
            0.04628455753631228
          ],
          [
            0.5279172825381766,
            0.18474462836532618,
            0.05053003987310772,
            0.08271764789715942,
            0.10139951007414799,
            0.0526908912520821
          ],
          [
            0.5365464957590342,
            0.18469068492972618,
            0.05032381985319158,
            0.0818898692848083,
            0.09365295736920128,
            0.05289617280403845
          ],
          [
            0.24885178328251775,
            0.18648913871661607,
            0.057199117498320406,
            0.1094876958513068,
            0.35192010132468865,
            0.04605216332655039
          ],
          [
            0.24885178328251775,
            0.18648913871661607,
            0.057199117498320406,
            0.1094876958513068,
            0.35192010132468865,
            0.04605216332655039
          ],
          [
            0.5154048876292261,
            0.19459198719130658,
            0.05071805363943438,
            0.08600645584169861,
            0.10085823170518335,
            0.052420383993150986
          ],
          [
            0.5365464957590342,
            0.18469068492972618,
            0.05032381985319158,
            0.0818898692848083,
            0.09365295736920128,
            0.05289617280403845
          ],
          [
            0.5451757089798919,
            0.1846367414941262,
            0.050117599833275434,
            0.08106209067245719,
            0.08590640466425457,
            0.0531014543559948
          ],
          [
            0.5509080728791577,
            0.17968429035653752,
            0.049811881510911836,
            0.07994390823321697,
            0.08660045832744909,
            0.053051388692727075
          ],
          [
            0.6412013275958406,
            0.09720715517631837,
            0.044843009095633705,
            0.06181435770012472,
            0.10284081816063859,
            0.052093332271443984
          ],
          [
            0.5307834644878094,
            0.1822684027965318,
            0.050377180711925915,
            0.0821585566775393,
            0.10174653690574523,
            0.05266585842044824
          ],
          [
            0.5365464957590342,
            0.18469068492972618,
            0.05032381985319158,
            0.0818898692848083,
            0.09365295736920128,
            0.05289617280403845
          ],
          [
            0.25862070390990366,
            0.18642807067631417,
            0.05696566087200024,
            0.10855058798826779,
            0.3431504190172018,
            0.04628455753631228
          ],
          [
            0.5240341008500836,
            0.19453804375570657,
            0.050511833619518234,
            0.0851786772293475,
            0.09311167900023665,
            0.05262566554510733
          ],
          [
            0.5365464957590342,
            0.18469068492972618,
            0.05032381985319158,
            0.0818898692848083,
            0.09365295736920128,
            0.05289617280403845
          ],
          [
            0.24885178328251775,
            0.18648913871661607,
            0.057199117498320406,
            0.1094876958513068,
            0.35192010132468865,
            0.04605216332655039
          ],
          [
            0.25534125184772416,
            0.1808825902589685,
            0.056853021284323874,
            0.10822182893895936,
            0.35270582245283333,
            0.04599548521719069
          ],
          [
            0.6369303725814448,
            0.09454761121761769,
            0.044806950783830866,
            0.06157026271132486,
            0.1100580922572676,
            0.05208671044851412
          ],
          [
            0.19905678513557118,
            0.10890934077409915,
            0.05293078360921345,
            0.08469494692064009,
            0.5011728678568628,
            0.053235275703613444
          ],
          [
            0.7178022270118186,
            0.06293834920690468,
            0.04496058674101114,
            0.053938425429941574,
            0.07544462851553325,
            0.04491578309479075
          ],
          [
            0.6562135228895759,
            0.0901841974838703,
            0.04449831636508782,
            0.05970972255599782,
            0.09749051663183846,
            0.05190372407362969
          ],
          [
            0.6427012544250955,
            0.09336775995845085,
            0.04768767440093441,
            0.06103199305254284,
            0.10317460573990538,
            0.05203671242307095
          ],
          [
            0.44183394987793145,
            0.1370265180338642,
            0.18129721945933006,
            0.07813622429083575,
            0.10999476870119627,
            0.05171131963684222
          ],
          [
            0.95,
            0.01,
            0.01,
            0.01,
            0.01,
            0.01
          ],
          [
            0.95,
            0.01,
            0.01,
            0.01,
            0.01,
            0.01
          ],
          [
            0.4230226764636343,
            0.1415780888716655,
            0.19301302678686713,
            0.07992239528769281,
            0.11074062703985768,
            0.05172318555028259
          ],
          [
            0.23569588625346274,
            0.1851969228693832,
            0.061903778981266616,
            0.11034643983187309,
            0.3610698625562658,
            0.04578710950774852
          ],
          [
            0.2249178872865085,
            0.19769816014482028,
            0.05764541989784056,
            0.11414798251948449,
            0.3600770156673098,
            0.04551353448403628
          ],
          [
            0.2293139420277458,
            0.18661127479721978,
            0.05766603075096073,
            0.11136191157738479,
            0.3694594659396623,
            0.04558737490702657
          ],
          [
            0.23908286265513176,
            0.1865502067569179,
            0.05743257412464056,
            0.11042480371434578,
            0.36068978363217546,
            0.04581976911678848
          ],
          [
            0.5067756744083685,
            0.19464593062690655,
            0.050924273659350525,
            0.08683423445404972,
            0.10860478441013006,
            0.052215102441194636
          ],
          [
            0.23908286265513176,
            0.1865502067569179,
            0.05743257412464056,
            0.11042480371434578,
            0.36068978363217546,
            0.04581976911678848
          ],
          [
            0.23908286265513176,
            0.1865502067569179,
            0.05743257412464056,
            0.11042480371434578,
            0.36068978363217546,
            0.04581976911678848
          ],
          [
            0.54208330370856,
            0.17972049361999773,
            0.050264860860504676,
            0.08076382532773944,
            0.09432680119667824,
            0.05284071528651988
          ],
          [
            0.6366775997660193,
            0.09474670055620225,
            0.05784862644117297,
            0.06085286206453167,
            0.09788523547254688,
            0.051988975699526804
          ],
          [
            0.95,
            0.01,
            0.01,
            0.01,
            0.01,
            0.01
          ]
        ],
        [
          [
            0.95,
            0.01,
            0.01,
            0.01,
            0.01,
            0.01
          ],
          [
            0.2577413114571776,
            0.1728559247403883,
            0.09859079623306359,
